=== Probe 002 — Stage-of-Development Code Census ===
Generated: 2026-05-27_151226

Global census (field × value):
field value      n
   CD   NaN   8982
   CD    81   7210
   CD    84    899
   CD    85   1221
   CD    87    673
   CD    -9 383614
   CD    9C      6
   CN   NaN   8982
   CN    7C      2
   CN    84    122
   CN    85   1685
   CN    87   4645
   CN    -9 379746
   CN    91   3008
   CN    93   2429
   CN    95   1978
   CN    96      1
   CN    97      3
   CN    9C      4
   SA   NaN   8982
   SA    10      2
   SA    5-      1
   SA    50      1
   SA    6-      2
   SA    81  29376
   SA    84  80634
   SA    85 109233
   SA    86   5711
   SA    87 134967
   SA    -9   4269
   SA    91  14292
   SA    93   2993
   SA    95    351
   SA    98   2736
   SA    99   9055
   SB   NaN   8982
   SB    81  33517
   SB    84  16934
   SB    85  14998
   SB    86      1
   SB    87   8823
   SB    -9 313870
   SB    9-      6
   SB    91   4454
   SB    93   1016
   SB    99      4
   SC   NaN   8982
   SC    81  13661
   SC    84   8051
   SC    85   3907
   SC    86      1
   SC    87   3262
   SC    -9 363941
   SC    9-      6
   SC    91    794

Year × value pivot (per field):
year            2006     2007     2008     2009     2010     2011     2012     2013     2014     2015     2016     2017     2018     2019     2020     2021     2022     2023     2024     2025     2026
field value                                                                                                                                                                                             
CD    -9     10806.0  17167.0  20857.0  17163.0  13034.0  14797.0  19924.0  18125.0  20315.0  16568.0  16211.0  21052.0  22034.0  23916.0  25717.0  16709.0  21274.0  19145.0  16272.0  16164.0  16364.0
      81       283.0    327.0    510.0    652.0     87.0    435.0    393.0   1097.0   1441.0   1067.0    385.0     63.0     87.0    107.0     47.0     43.0     47.0      0.0      0.0      5.0    134.0
      84        22.0    160.0    201.0    116.0     49.0     18.0     30.0    115.0    110.0     68.0      0.0      8.0      2.0      0.0      0.0      0.0      0.0      0.0      0.0      0.0      0.0
      85         2.0     58.0    204.0    267.0     46.0     13.0     11.0    152.0    305.0    163.0      0.0      0.0      0.0      0.0      0.0      0.0      0.0      0.0      0.0      0.0      0.0
      87       108.0    126.0     40.0     68.0     53.0     28.0     17.0    233.0      0.0      0.0      0.0      0.0      0.0      0.0      0.0      0.0      0.0      0.0      0.0      0.0      0.0
      9C         0.0      0.0      0.0      0.0      0.0      0.0      0.0      1.0      5.0      0.0      0.0      0.0      0.0      0.0      0.0      0.0      0.0      0.0      0.0      0.0      0.0
CN    -9     10510.0  17263.0  19787.0  16018.0  12727.0  14922.0  19957.0  19435.0  19663.0  17239.0  16411.0  20902.0  21692.0  22898.0  25168.0  16561.0  21167.0  18829.0  16202.0  16064.0  16331.0
      7C         0.0      0.0      0.0      0.0      0.0      0.0      0.0      1.0      1.0      0.0      0.0      0.0      0.0      0.0      0.0      0.0      0.0      0.0      0.0      0.0      0.0
      84        24.0     24.0     20.0      9.0     28.0      8.0      0.0      3.0      0.0      0.0      1.0      0.0      0.0      0.0      0.0      5.0      0.0      0.0      0.0      0.0      0.0
      85        89.0     62.0    124.0    189.0    146.0     17.0     24.0     58.0     79.0     28.0     61.0      3.0    149.0     96.0    352.0     91.0     30.0      4.0     26.0     38.0     19.0
      87       292.0    175.0   1010.0    994.0    144.0    265.0    131.0     92.0    306.0    211.0    123.0      2.0    212.0    360.0     51.0     69.0     21.0      0.0     44.0     36.0    107.0
      91        97.0    146.0    379.0    444.0     32.0     73.0     25.0      6.0    787.0     81.0      0.0      0.0      0.0    587.0    193.0     26.0    102.0      0.0      0.0      0.0     30.0
      93        43.0     34.0    275.0    517.0     44.0      3.0     12.0     48.0   1123.0    260.0      0.0      0.0     70.0      0.0      0.0      0.0      0.0      0.0      0.0      0.0      0.0
      95       166.0    133.0    217.0     95.0    148.0      3.0    225.0     78.0    213.0     47.0      0.0    216.0      0.0     82.0      0.0      0.0      1.0    312.0      0.0     31.0     11.0
      96         0.0      0.0      0.0      0.0      0.0      0.0      1.0      0.0      0.0      0.0      0.0      0.0      0.0      0.0      0.0      0.0      0.0      0.0      0.0      0.0      0.0
      97         0.0      1.0      0.0      0.0      0.0      0.0      0.0      2.0      0.0      0.0      0.0      0.0      0.0      0.0      0.0      0.0      0.0      0.0      0.0      0.0      0.0
      9C         0.0      0.0      0.0      0.0      0.0      0.0      0.0      0.0      4.0      0.0      0.0      0.0      0.0      0.0      0.0      0.0      0.0      0.0      0.0      0.0      0.0
SA    -9       101.0    205.0    184.0    279.0    138.0    197.0    162.0    144.0    211.0    293.0    160.0    194.0    355.0    213.0    176.0    180.0    314.0    194.0    161.0    229.0    179.0
      10         0.0      0.0      0.0      0.0      0.0      0.0      0.0      0.0      2.0      0.0      0.0      0.0      0.0      0.0      0.0      0.0      0.0      0.0      0.0      0.0      0.0
      5-         0.0      0.0      0.0      0.0      0.0      0.0      0.0      0.0      1.0      0.0      0.0      0.0      0.0      0.0      0.0      0.0      0.0      0.0      0.0      0.0      0.0
      50         0.0      0.0      0.0      0.0      0.0      0.0      0.0      1.0      0.0      0.0      0.0      0.0      0.0      0.0      0.0      0.0      0.0      0.0      0.0      0.0      0.0
      6-         0.0      0.0      0.0      0.0      0.0      0.0      0.0      0.0      2.0      0.0      0.0      0.0      0.0      0.0      0.0      0.0      0.0      0.0      0.0      0.0      0.0
      81       932.0   1734.0   1230.0   1725.0   1095.0   1943.0   1232.0   1311.0   1083.0    810.0   1462.0   1155.0   1775.0   2659.0   1404.0   1621.0   1100.0   1273.0   1666.0   1468.0    698.0
      84      1621.0   4178.0   3096.0   2907.0   3721.0   3728.0   4305.0   3711.0   2547.0   1932.0   4373.0   4906.0   4546.0   4824.0   5912.0   6266.0   3405.0   4358.0   3662.0   4852.0   1784.0
      85      3094.0   3270.0   4521.0   2494.0   3893.0   3063.0   4696.0   5030.0   4765.0   4321.0   6004.0   7194.0   5836.0   4910.0  11577.0   5846.0   5960.0   6073.0   7547.0   3984.0   5155.0
      86       370.0    576.0    775.0   1037.0    597.0    230.0    206.0   1228.0    137.0    242.0    119.0    119.0     25.0     22.0     19.0      0.0      0.0      0.0      9.0      0.0      0.0
      87      4398.0   5750.0   8101.0   7265.0   3420.0   5888.0   9180.0   7620.0   8946.0   7634.0   3655.0   5771.0   8470.0   9737.0   5776.0   2310.0   9534.0   5904.0   2570.0   4999.0   8039.0
      91       512.0   1545.0   3204.0   2333.0    307.0    104.0     59.0    233.0   2486.0   1386.0      2.0    462.0    137.0    730.0    145.0     28.0    222.0     81.0     24.0     31.0    261.0
      93        86.0    279.0    563.0    125.0     19.0     70.0    261.0     97.0    710.0    274.0      0.0    188.0     10.0     29.0      0.0      0.0      0.0    279.0      0.0      3.0      0.0
      95         8.0    177.0      1.0      1.0      4.0      0.0     22.0      3.0     60.0      0.0      0.0     75.0      0.0      0.0      0.0      0.0      0.0      0.0      0.0      0.0      0.0
      98        98.0    123.0    116.0     98.0     50.0     67.0    142.0    111.0    163.0    131.0    100.0    272.0     97.0    169.0    162.0     83.0    130.0    283.0    120.0    189.0     32.0
      99         1.0      1.0     21.0      2.0     25.0      1.0    110.0    234.0   1063.0    843.0    721.0    787.0    872.0    730.0    593.0    418.0    656.0    700.0    513.0    414.0    350.0
SB    -9      8629.0  13048.0  16173.0  12978.0  11047.0  12322.0  16727.0  16031.0  16636.0  13067.0  12700.0  16649.0  17825.0  19046.0  21633.0  13831.0  17749.0  16204.0  14495.0  13526.0  13554.0
      81       565.0   1560.0   1688.0   1558.0    806.0   1554.0   1542.0   1316.0   1768.0   1361.0   2580.0   2208.0   1939.0   2186.0   1646.0   2052.0   1518.0   1488.0   1209.0   1784.0   1189.0
      84       525.0    769.0   1012.0    768.0    365.0    650.0    949.0    619.0    728.0    965.0    801.0    866.0   1240.0   1287.0   1238.0    586.0   1142.0    680.0    533.0    478.0    733.0
      85       984.0    712.0   1296.0   1115.0    302.0    548.0    790.0    466.0   1075.0    760.0    463.0    761.0    985.0    897.0   1188.0    282.0    761.0    445.0     16.0    365.0    787.0
      86         0.0      0.0      0.0      1.0      0.0      0.0      0.0      0.0      0.0      0.0      0.0      0.0      0.0      0.0      0.0      0.0      0.0      0.0      0.0      0.0      0.0
      87       245.0   1194.0    863.0   1085.0    409.0    122.0     88.0    406.0   1226.0   1350.0     52.0    519.0    124.0    590.0     59.0      1.0    151.0     69.0     19.0     16.0    235.0
      9-         0.0      0.0      0.0      0.0      0.0      0.0      0.0      1.0      5.0      0.0      0.0      0.0      0.0      0.0      0.0      0.0      0.0      0.0      0.0      0.0      0.0
      91       147.0    272.0    735.0    648.0    277.0     56.0    242.0    688.0    695.0    363.0      0.0     45.0     10.0     17.0      0.0      0.0      0.0    259.0      0.0      0.0      0.0
      93       126.0    279.0     45.0    113.0     63.0     39.0     37.0    196.0     43.0      0.0      0.0     75.0      0.0      0.0      0.0      0.0      0.0      0.0      0.0      0.0      0.0
      99         0.0      4.0      0.0      0.0      0.0      0.0      0.0      0.0      0.0      0.0      0.0      0.0      0.0      0.0      0.0      0.0      0.0      0.0      0.0      0.0      0.0
SC    -9      9823.0  15683.0  18648.0  15487.0  12339.0  14344.0  18840.0  17831.0  19437.0  15466.0  15445.0  20190.0  20896.0  22474.0  24571.0  16270.0  20323.0  18729.0  15974.0  15710.0  15461.0
      81       473.0    724.0    872.0    770.0    235.0    430.0    770.0    575.0    827.0    974.0    700.0    496.0    831.0    953.0    964.0    382.0    820.0    355.0    298.0    434.0    778.0
      84       638.0    579.0   1037.0    844.0    170.0    360.0    493.0    376.0    774.0    469.0    404.0    290.0    382.0    463.0    203.0    100.0    150.0     45.0      0.0     25.0    249.0
      85        77.0    407.0    590.0    433.0    206.0     86.0     61.0    219.0    711.0    718.0     47.0    147.0      8.0    133.0     26.0      0.0     28.0      0.0      0.0      0.0     10.0
      86         0.0      0.0      0.0      1.0      0.0      0.0      0.0      0.0      0.0      0.0      0.0      0.0      0.0      0.0      0.0      0.0      0.0      0.0      0.0      0.0      0.0
      87        87.0    211.0    622.0    632.0    258.0     32.0    195.0    542.0    422.0    239.0      0.0      0.0      6.0      0.0      0.0      0.0      0.0     16.0      0.0      0.0      0.0
      9-         0.0      0.0      0.0      0.0      0.0      0.0      0.0      1.0      5.0      0.0      0.0      0.0      0.0      0.0      0.0      0.0      0.0      0.0      0.0      0.0      0.0
      91       123.0    234.0     43.0     99.0     61.0     39.0     16.0    179.0      0.0      0.0      0.0      0.0      0.0      0.0      0.0      0.0      0.0      0.0      0.0      0.0      0.0

--- Sub-analysis: invalid stage codes ---
Tracked set: ['10', '5-', '50', '6-', '7C', '9C']
field value  n
   CD    9C  6
   CN    7C  2
   CN    9C  4
   SA    10  2
   SA    5-  1
   SA    50  1
   SA    6-  2

--- Sub-analysis 3: no-thickness concentration share (per year, Option A) ---
Tracked stages with no SIGRID-3 v3.1 thickness: ['95', '96', '97', '98', '99']
Row-equally-weighted; lower bound on volume share.
Option A: CT attributed to single-stage slots when partials are missing.

Overall (per year):
      total_conc lost_conc lost_share
year                                 
2006     9471.60     14.05   0.001483
2007    14980.05      33.5   0.002236
2008    19101.90      37.7   0.001974
2009    15549.90       9.8    0.00063
2010    11303.10      35.1   0.003105
2011    12648.55      3.55   0.000281
2012    17720.85     82.95   0.004681
2013    17173.00      21.4   0.001246
2014    18971.35     88.75   0.004678
2015    15272.60     51.05   0.003343
2016    13886.55      62.9    0.00453
2017    18030.40     75.55    0.00419
2018    18456.20     50.35   0.002728
2019    19866.55     49.05   0.002469
2020    22698.10      50.1   0.002207
2021    13715.80     25.05   0.001826
2022    18114.50     41.25   0.002277
2023    15884.00     64.75   0.004076
2024    13518.70     31.65   0.002341
2025    13142.85      31.7   0.002412
2026    14440.45     19.65   0.001361

Per-stage share (per year × stage code, fraction of total ice concentration):
stage_code        95        96        97        98        99
year                                                        
2006        0.000961       0.0       0.0  0.000517  0.000005
2007        0.001792       0.0  0.000003  0.000411   0.00003
2008        0.000571       0.0       0.0  0.000304  0.001099
2009        0.000309       0.0       0.0  0.000315  0.000006
2010        0.000672       0.0       0.0  0.000221  0.002212
2011        0.000012       0.0       0.0  0.000265  0.000004
2012        0.000858  0.000003       0.0  0.000401   0.00342
2013        0.000236       0.0  0.000006  0.000323  0.000681
2014        0.001447       0.0       0.0   0.00043  0.002802
2015        0.000154       0.0       0.0  0.000429   0.00276
2016             0.0       0.0       0.0   0.00036   0.00417
2017        0.001253       0.0       0.0  0.000754  0.002182
2018             0.0       0.0       0.0  0.000263  0.002465
2019        0.000206       0.0       0.0  0.000425  0.001837
2020             0.0       0.0       0.0  0.000357   0.00185
2021             0.0       0.0       0.0  0.000303  0.001524
2022        0.000003       0.0       0.0  0.000359  0.001916
2023        0.000982       0.0       0.0  0.000891  0.002203
2024             0.0       0.0       0.0  0.000444  0.001897
2025        0.000118       0.0       0.0  0.000719  0.001575
2026        0.000038       0.0       0.0  0.000111  0.001212

--- Sub-analysis 4: isolated stage census ---
Polygons with CT > 0 but all partials (CA/CB/CC) missing —
the rows triggering Option A attribution in #3.

(CT, stages-set pattern, count):
CT              stages      n
92               SA=87 114827
92               SA=85  90197
92               SA=84  45641
01               SA=99   8911
20               SA=81   8832
92               SA=91   6124
50               SA=81   5503
30               SA=81   3061
90               SA=81   2772
02               SA=98   2736
70               SA=81   2200
01               SA=87   2025
01               SA=81   1695
80               SA=81   1629
01               SA=84   1060
20               SA=87   1031
01               SA=85    981
10               SA=87    853
10               SA=81    831
40               SA=81    566
91               SA=81    540
60               SA=81    389
91               SA=84    388
20               SA=84    353
01               SA=91    301
10               SA=84    294
91               SA=87    271
30               SA=87    247
91               SA=85    245
20               SA=85    199
90               SA=84    188
50               SA=87    186
10               SA=85    162
70               SA=87    144
92               SA=99    144
90               SA=87    138
01               SA=93    134
20               SA=91    131
40               SA=87    131
50        SA=81, CN=87    123
80        SA=81, CD=81    118
50        SA=81, CD=81    112
90        SA=81, CN=87    108
10               SA=91    106
80               SA=87    105
10        SA=85, CN=87    100
60               SA=87     98
20        SA=87, CN=91     90
50               SA=84     86
30               SA=84     80
30        SA=81, CN=87     74
20        SA=85, CN=87     67
20        SA=93, CN=95     65
92               SA=93     59
10        SA=93, CN=95     59
10        SA=87, CN=91     59
50               SA=85     58
90        SA=81, CD=81     55
30               SA=91     55
30               SA=85     54
90               SA=85     52
70               SA=85     51
10        SA=91, CN=93     49
50               SA=91     47
20        SA=81, CN=87     47
91        SA=85, CN=87     45
92               SA=81     45
50        SA=81, CN=91     45
92      (no stage set)     44
20        SA=81, CD=81     44
30      (no stage set)     40
30        SA=85, CN=87     39
40               SA=84     37
10               SA=93     35
60        SA=81, CN=87     34
90        SA=81, CN=84     31
10               SA=95     30
30        SA=84, CN=85     30
91        SA=81, CN=87     30
70        SA=81, CN=87     30
80        SA=81, CN=87     29
91               SA=91     29
90        SA=81, CN=91     27
80        SA=81, CN=85     26
90        SA=87, CN=91     26
91        SA=87, CN=91     25
30        SA=81, CN=85     24
90      (no stage set)     24
30        SA=91, CN=95     22
20        SA=81, CN=91     22
80        SA=81, CN=84     21
60        SA=93, CN=95     21
60               SA=91     21
10        SA=91, CN=95     20
80               SA=84     20
30        SA=81, CD=81     20
70               SA=91     19
50        SA=81, CN=85     19
91        SA=81, CN=84     19
20        SA=84, CN=85     18
70               SA=84     18
70        SA=81, CD=81     17
80        SA=93, CN=95     17
80               SA=91     17
10        SA=81, CN=87     17
20        SA=91, CN=95     16
10               SA=86     16
20        SA=81, CN=85     15
40               SA=91     15
10        SA=81, CN=85     13
91               SA=86     13
70        SA=81, CN=85     13
90        SA=81, CN=85     13
50      (no stage set)     13
80        SA=81, CN=91     12
40        SA=81, CN=84     12
01               SA=95     12
50        SA=87, CN=91     12
90               SA=91     11
60        SA=81, CN=84     11
90        SA=81, CN=93     11
30        SA=87, CN=91     10
60        SA=81, CN=85     10
40        SA=81, CN=87     10
40        SA=93, CN=95      9
40        SA=87, CN=91      9
90 SA=81, CN=85, CD=81      9
91        SA=87, CD=81      9
92               SA=86      9
60        SA=87, CN=91      9
30        SA=81, CD=87      9
40        SA=81, CN=85      9
50        SA=91, CN=95      9
20               SA=95      8
90               SA=86      8
70        SA=93, CN=95      8
30        SA=93, CN=95      8
20        SA=81, CN=84      8
70      (no stage set)      8
80               SA=85      8
20      (no stage set)      7
20               SA=86      7
70        SA=81, CN=84      7
91        SA=93, CN=95      7
80        SA=87, CN=91      7
60               SA=84      6
50        SA=81, CN=84      6
90        SA=93, CN=95      6
91 SA=87, CN=91, CD=81      5
50 SA=81, CN=87, CD=81      5
40               SA=85      5
20               SA=93      5
92               SA=95      4
80        SA=84, CN=85      4
20 SA=81, CN=93, CD=85      4
20        SA=91, CN=93      4
10        SA=86, CN=95      4
30        SA=81, CN=84      4
70        SA=81, CN=91      4
50        SA=93, CN=95      4
60               SA=85      4
70        SA=84, CN=85      4
60        SA=81, CN=91      4
91        SA=84, CN=85      3
50        SA=85, CN=87      3
60        SA=85, CN=91      3
10 SA=91, CN=93, CD=85      3
10        SA=84, CN=85      3
20        SA=87, CN=93      3
80        SA=81, CD=87      3
80        SA=87, CN=93      3
80 SA=81, CN=84, CD=81      3
20        SA=87, CD=84      3
40      (no stage set)      3
30        SA=91, CN=93      3
10        SA=87, CN=93      2
10        SA=81, CN=95      2
10        SA=84, CN=87      2
30        SA=87, CN=93      2
30        SA=81, CN=93      2
40        SA=85, CN=87      2
80        SA=87, CD=84      2
40               SA=93      2
40        SA=84, CN=87      2
40        SA=91, CN=93      2
40        SA=91, CN=95      2
40        SA=84, CN=85      2
30        SA=81, CN=91      2
20        SA=84, CN=87      2
20 SA=81, CN=87, CD=81      2
80        SA=91, CN=95      2
91               SA=93      2
91        SA=87, CN=95      2
90        SA=84, CN=85      2
50               SA=86      2
60        SA=87, CN=93      2
70        SA=81, CN=93      2
70        SA=91, CN=95      2
20        SA=81, CN=93      1
10      (no stage set)      1
10        SA=81, CN=91      1
10        SA=85, CN=91      1
20        SA=87, CD=85      1
20        SA=87, CD=81      1
20        SA=85, CN=91      1
20        SA=87, CN=95      1
40        SA=81, CN=91      1
40        SA=81, CD=81      1
30        SA=84, CN=87      1
30               SA=86      1
60               SA=86      1
50        SA=87, CD=81      1
50        SA=87, CD=84      1
60      (no stage set)      1
70        SA=87, CN=91      1
70               SA=86      1
70        SA=87, CN=95      1
60        SA=91, CN=95      1
80        SA=87, CN=95      1
80        SA=87, CD=81      1
80        SA=81, CN=93      1
91        SA=81, CD=81      1