=== Probe 002 — Stage-of-Development Code Census ===
Generated: 2026-05-27_092836

Global census (field × value):
field value      n
   CD   NaN   8982
   CD    81   7210
   CD    84    899
   CD    85   1221
   CD    87    673
   CD    -9 383614
   CD    9C      6
   CN   NaN   8982
   CN    7C      2
   CN    84    122
   CN    85   1685
   CN    87   4645
   CN    -9 379746
   CN    91   3008
   CN    93   2429
   CN    95   1978
   CN    96      1
   CN    97      3
   CN    9C      4
   SA   NaN   8982
   SA    10      2
   SA    5-      1
   SA    50      1
   SA    6-      2
   SA    81  29376
   SA    84  80634
   SA    85 109233
   SA    86   5711
   SA    87 134967
   SA    -9   4269
   SA    91  14292
   SA    93   2993
   SA    95    351
   SA    98   2736
   SA    99   9055
   SB   NaN   8982
   SB    81  33517
   SB    84  16934
   SB    85  14998
   SB    86      1
   SB    87   8823
   SB    -9 313870
   SB    9-      6
   SB    91   4454
   SB    93   1016
   SB    99      4
   SC   NaN   8982
   SC    81  13661
   SC    84   8051
   SC    85   3907
   SC    86      1
   SC    87   3262
   SC    -9 363941
   SC    9-      6
   SC    91    794

Year × value pivot (per field):
year            2006     2007     2008     2009     2010     2011     2012     2013     2014     2015     2016     2017     2018     2019     2020     2021     2022     2023     2024     2025     2026
field value                                                                                                                                                                                             
CD    -9     10806.0  17167.0  20857.0  17163.0  13034.0  14797.0  19924.0  18125.0  20315.0  16568.0  16211.0  21052.0  22034.0  23916.0  25717.0  16709.0  21274.0  19145.0  16272.0  16164.0  16364.0
      81       283.0    327.0    510.0    652.0     87.0    435.0    393.0   1097.0   1441.0   1067.0    385.0     63.0     87.0    107.0     47.0     43.0     47.0      0.0      0.0      5.0    134.0
      84        22.0    160.0    201.0    116.0     49.0     18.0     30.0    115.0    110.0     68.0      0.0      8.0      2.0      0.0      0.0      0.0      0.0      0.0      0.0      0.0      0.0
      85         2.0     58.0    204.0    267.0     46.0     13.0     11.0    152.0    305.0    163.0      0.0      0.0      0.0      0.0      0.0      0.0      0.0      0.0      0.0      0.0      0.0
      87       108.0    126.0     40.0     68.0     53.0     28.0     17.0    233.0      0.0      0.0      0.0      0.0      0.0      0.0      0.0      0.0      0.0      0.0      0.0      0.0      0.0
      9C         0.0      0.0      0.0      0.0      0.0      0.0      0.0      1.0      5.0      0.0      0.0      0.0      0.0      0.0      0.0      0.0      0.0      0.0      0.0      0.0      0.0
CN    -9     10510.0  17263.0  19787.0  16018.0  12727.0  14922.0  19957.0  19435.0  19663.0  17239.0  16411.0  20902.0  21692.0  22898.0  25168.0  16561.0  21167.0  18829.0  16202.0  16064.0  16331.0
      7C         0.0      0.0      0.0      0.0      0.0      0.0      0.0      1.0      1.0      0.0      0.0      0.0      0.0      0.0      0.0      0.0      0.0      0.0      0.0      0.0      0.0
      84        24.0     24.0     20.0      9.0     28.0      8.0      0.0      3.0      0.0      0.0      1.0      0.0      0.0      0.0      0.0      5.0      0.0      0.0      0.0      0.0      0.0
      85        89.0     62.0    124.0    189.0    146.0     17.0     24.0     58.0     79.0     28.0     61.0      3.0    149.0     96.0    352.0     91.0     30.0      4.0     26.0     38.0     19.0
      87       292.0    175.0   1010.0    994.0    144.0    265.0    131.0     92.0    306.0    211.0    123.0      2.0    212.0    360.0     51.0     69.0     21.0      0.0     44.0     36.0    107.0
      91        97.0    146.0    379.0    444.0     32.0     73.0     25.0      6.0    787.0     81.0      0.0      0.0      0.0    587.0    193.0     26.0    102.0      0.0      0.0      0.0     30.0
      93        43.0     34.0    275.0    517.0     44.0      3.0     12.0     48.0   1123.0    260.0      0.0      0.0     70.0      0.0      0.0      0.0      0.0      0.0      0.0      0.0      0.0
      95       166.0    133.0    217.0     95.0    148.0      3.0    225.0     78.0    213.0     47.0      0.0    216.0      0.0     82.0      0.0      0.0      1.0    312.0      0.0     31.0     11.0
      96         0.0      0.0      0.0      0.0      0.0      0.0      1.0      0.0      0.0      0.0      0.0      0.0      0.0      0.0      0.0      0.0      0.0      0.0      0.0      0.0      0.0
      97         0.0      1.0      0.0      0.0      0.0      0.0      0.0      2.0      0.0      0.0      0.0      0.0      0.0      0.0      0.0      0.0      0.0      0.0      0.0      0.0      0.0
      9C         0.0      0.0      0.0      0.0      0.0      0.0      0.0      0.0      4.0      0.0      0.0      0.0      0.0      0.0      0.0      0.0      0.0      0.0      0.0      0.0      0.0
SA    -9       101.0    205.0    184.0    279.0    138.0    197.0    162.0    144.0    211.0    293.0    160.0    194.0    355.0    213.0    176.0    180.0    314.0    194.0    161.0    229.0    179.0
      10         0.0      0.0      0.0      0.0      0.0      0.0      0.0      0.0      2.0      0.0      0.0      0.0      0.0      0.0      0.0      0.0      0.0      0.0      0.0      0.0      0.0
      5-         0.0      0.0      0.0      0.0      0.0      0.0      0.0      0.0      1.0      0.0      0.0      0.0      0.0      0.0      0.0      0.0      0.0      0.0      0.0      0.0      0.0
      50         0.0      0.0      0.0      0.0      0.0      0.0      0.0      1.0      0.0      0.0      0.0      0.0      0.0      0.0      0.0      0.0      0.0      0.0      0.0      0.0      0.0
      6-         0.0      0.0      0.0      0.0      0.0      0.0      0.0      0.0      2.0      0.0      0.0      0.0      0.0      0.0      0.0      0.0      0.0      0.0      0.0      0.0      0.0
      81       932.0   1734.0   1230.0   1725.0   1095.0   1943.0   1232.0   1311.0   1083.0    810.0   1462.0   1155.0   1775.0   2659.0   1404.0   1621.0   1100.0   1273.0   1666.0   1468.0    698.0
      84      1621.0   4178.0   3096.0   2907.0   3721.0   3728.0   4305.0   3711.0   2547.0   1932.0   4373.0   4906.0   4546.0   4824.0   5912.0   6266.0   3405.0   4358.0   3662.0   4852.0   1784.0
      85      3094.0   3270.0   4521.0   2494.0   3893.0   3063.0   4696.0   5030.0   4765.0   4321.0   6004.0   7194.0   5836.0   4910.0  11577.0   5846.0   5960.0   6073.0   7547.0   3984.0   5155.0
      86       370.0    576.0    775.0   1037.0    597.0    230.0    206.0   1228.0    137.0    242.0    119.0    119.0     25.0     22.0     19.0      0.0      0.0      0.0      9.0      0.0      0.0
      87      4398.0   5750.0   8101.0   7265.0   3420.0   5888.0   9180.0   7620.0   8946.0   7634.0   3655.0   5771.0   8470.0   9737.0   5776.0   2310.0   9534.0   5904.0   2570.0   4999.0   8039.0
      91       512.0   1545.0   3204.0   2333.0    307.0    104.0     59.0    233.0   2486.0   1386.0      2.0    462.0    137.0    730.0    145.0     28.0    222.0     81.0     24.0     31.0    261.0
      93        86.0    279.0    563.0    125.0     19.0     70.0    261.0     97.0    710.0    274.0      0.0    188.0     10.0     29.0      0.0      0.0      0.0    279.0      0.0      3.0      0.0
      95         8.0    177.0      1.0      1.0      4.0      0.0     22.0      3.0     60.0      0.0      0.0     75.0      0.0      0.0      0.0      0.0      0.0      0.0      0.0      0.0      0.0
      98        98.0    123.0    116.0     98.0     50.0     67.0    142.0    111.0    163.0    131.0    100.0    272.0     97.0    169.0    162.0     83.0    130.0    283.0    120.0    189.0     32.0
      99         1.0      1.0     21.0      2.0     25.0      1.0    110.0    234.0   1063.0    843.0    721.0    787.0    872.0    730.0    593.0    418.0    656.0    700.0    513.0    414.0    350.0
SB    -9      8629.0  13048.0  16173.0  12978.0  11047.0  12322.0  16727.0  16031.0  16636.0  13067.0  12700.0  16649.0  17825.0  19046.0  21633.0  13831.0  17749.0  16204.0  14495.0  13526.0  13554.0
      81       565.0   1560.0   1688.0   1558.0    806.0   1554.0   1542.0   1316.0   1768.0   1361.0   2580.0   2208.0   1939.0   2186.0   1646.0   2052.0   1518.0   1488.0   1209.0   1784.0   1189.0
      84       525.0    769.0   1012.0    768.0    365.0    650.0    949.0    619.0    728.0    965.0    801.0    866.0   1240.0   1287.0   1238.0    586.0   1142.0    680.0    533.0    478.0    733.0
      85       984.0    712.0   1296.0   1115.0    302.0    548.0    790.0    466.0   1075.0    760.0    463.0    761.0    985.0    897.0   1188.0    282.0    761.0    445.0     16.0    365.0    787.0
      86         0.0      0.0      0.0      1.0      0.0      0.0      0.0      0.0      0.0      0.0      0.0      0.0      0.0      0.0      0.0      0.0      0.0      0.0      0.0      0.0      0.0
      87       245.0   1194.0    863.0   1085.0    409.0    122.0     88.0    406.0   1226.0   1350.0     52.0    519.0    124.0    590.0     59.0      1.0    151.0     69.0     19.0     16.0    235.0
      9-         0.0      0.0      0.0      0.0      0.0      0.0      0.0      1.0      5.0      0.0      0.0      0.0      0.0      0.0      0.0      0.0      0.0      0.0      0.0      0.0      0.0
      91       147.0    272.0    735.0    648.0    277.0     56.0    242.0    688.0    695.0    363.0      0.0     45.0     10.0     17.0      0.0      0.0      0.0    259.0      0.0      0.0      0.0
      93       126.0    279.0     45.0    113.0     63.0     39.0     37.0    196.0     43.0      0.0      0.0     75.0      0.0      0.0      0.0      0.0      0.0      0.0      0.0      0.0      0.0
      99         0.0      4.0      0.0      0.0      0.0      0.0      0.0      0.0      0.0      0.0      0.0      0.0      0.0      0.0      0.0      0.0      0.0      0.0      0.0      0.0      0.0
SC    -9      9823.0  15683.0  18648.0  15487.0  12339.0  14344.0  18840.0  17831.0  19437.0  15466.0  15445.0  20190.0  20896.0  22474.0  24571.0  16270.0  20323.0  18729.0  15974.0  15710.0  15461.0
      81       473.0    724.0    872.0    770.0    235.0    430.0    770.0    575.0    827.0    974.0    700.0    496.0    831.0    953.0    964.0    382.0    820.0    355.0    298.0    434.0    778.0
      84       638.0    579.0   1037.0    844.0    170.0    360.0    493.0    376.0    774.0    469.0    404.0    290.0    382.0    463.0    203.0    100.0    150.0     45.0      0.0     25.0    249.0
      85        77.0    407.0    590.0    433.0    206.0     86.0     61.0    219.0    711.0    718.0     47.0    147.0      8.0    133.0     26.0      0.0     28.0      0.0      0.0      0.0     10.0
      86         0.0      0.0      0.0      1.0      0.0      0.0      0.0      0.0      0.0      0.0      0.0      0.0      0.0      0.0      0.0      0.0      0.0      0.0      0.0      0.0      0.0
      87        87.0    211.0    622.0    632.0    258.0     32.0    195.0    542.0    422.0    239.0      0.0      0.0      6.0      0.0      0.0      0.0      0.0     16.0      0.0      0.0      0.0
      9-         0.0      0.0      0.0      0.0      0.0      0.0      0.0      1.0      5.0      0.0      0.0      0.0      0.0      0.0      0.0      0.0      0.0      0.0      0.0      0.0      0.0
      91       123.0    234.0     43.0     99.0     61.0     39.0     16.0    179.0      0.0      0.0      0.0      0.0      0.0      0.0      0.0      0.0      0.0      0.0      0.0      0.0      0.0