=== Probe 003 — Concentration Value Census ===
Generated: 2026-05-27_092846

Non-numeric values only (sentinels / range codes):
field value      n
   CA    -9 313806
   CB    -9 313797
   CB    9-      6
   CC    -9 363949
   CC    9-      6
   CT    -9     67

Global census (field × value):
field value      n
   CA   NaN   8982
   CA    10  26665
   CA    20  22037
   CA    30  11104
   CA    40   7304
   CA    50   4596
   CA    60   3249
   CA    70   2714
   CA     8      4
   CA    80   1929
   CA    -9 313806
   CA     9      2
   CA    90    213
   CB   NaN   8982
   CB    10  13516
   CB    20  12532
   CB    30  11269
   CB    40  11742
   CB    50  10998
   CB    60  10123
   CB    70   6280
   CB    80   3075
   CB    -9 313797
   CB    9-      6
   CB    90    285
   CC   NaN   8982
   CC    10  10819
   CC    20   8512
   CC    30   5036
   CC    40   2912
   CC    50   1443
   CC    60    692
   CC    70    242
   CC    80     12
   CC    -9 363949
   CC    9-      6
   CT   NaN   8982
   CT    00   4042
   CT    01  15119
   CT    02   2736
   CT    10   2667
   CT    20  17259
   CT    30   9171
   CT    40   3639
   CT    50  13128
   CT    60   3404
   CT    70   9733
   CT    80   8974
   CT    -9     67
   CT    90  19936
   CT    91  24880
   CT    92 258868

Year × value pivot (per field):
year           2006     2007     2008     2009     2010     2011     2012     2013     2014     2015     2016     2017     2018     2019     2020     2021     2022     2023     2024     2025     2026
field value                                                                                                                                                                                            
CA    -9     8629.0  13045.0  16173.0  12947.0  11047.0  12305.0  16729.0  16030.0  16636.0  13053.0  12700.0  16649.0  17825.0  19046.0  21633.0  13831.0  17749.0  16204.0  14495.0  13526.0  13554.0
      10      981.0   1702.0   2362.0   2185.0    740.0   1003.0   1185.0   1270.0   1391.0   1664.0   1381.0   1035.0   1046.0   1166.0   1077.0   1186.0    829.0   1121.0    763.0   1164.0   1414.0
      20      686.0   1274.0   1460.0   1700.0    680.0    822.0    962.0   1310.0   1692.0   1221.0   1057.0   1130.0   1299.0   1529.0    983.0    552.0   1055.0    657.0    515.0    654.0    799.0
      30      362.0    818.0    671.0    546.0    279.0    454.0    553.0    440.0    974.0   1032.0    644.0    692.0    615.0    664.0    630.0    484.0    395.0    238.0    134.0    262.0    217.0
      40      157.0    622.0    465.0    357.0    206.0    246.0    416.0    155.0    614.0    401.0    229.0    411.0    514.0    548.0    528.0    240.0    377.0    273.0    180.0    197.0    168.0
      50      131.0    151.0    266.0    231.0    188.0    220.0    193.0    178.0    497.0    216.0    182.0    335.0    259.0    367.0    247.0    101.0    267.0    174.0     42.0    158.0    193.0
      60      142.0    148.0    203.0    136.0     44.0     76.0    213.0    138.0    114.0    153.0    117.0    262.0    233.0    300.0    176.0    124.0    309.0    236.0     46.0     49.0     30.0
      70      125.0     40.0    108.0     57.0     74.0    111.0     93.0    108.0    116.0     65.0     70.0    403.0    169.0    261.0    387.0     91.0    183.0     82.0     43.0     61.0     67.0
      8         0.0      0.0      0.0      0.0      0.0      0.0      0.0      1.0      3.0      0.0      0.0      0.0      0.0      0.0      0.0      0.0      0.0      0.0      0.0      0.0      0.0
      80        8.0     32.0     86.0     93.0      9.0     53.0     28.0     93.0    131.0     60.0    166.0    188.0    152.0    120.0     95.0    126.0    135.0    148.0     52.0     98.0     56.0
      9         0.0      0.0      0.0      0.0      0.0      0.0      0.0      0.0      2.0      0.0      0.0      0.0      0.0      0.0      0.0      0.0      0.0      0.0      0.0      0.0      0.0
      90        0.0      6.0     18.0     14.0      2.0      1.0      3.0      0.0      6.0      1.0     50.0     18.0     11.0     22.0      8.0     17.0     22.0     12.0      2.0      0.0      0.0
CB    -9     8629.0  13042.0  16173.0  12947.0  11047.0  12298.0  16728.0  16032.0  16636.0  13053.0  12700.0  16649.0  17825.0  19046.0  21633.0  13831.0  17749.0  16204.0  14495.0  13526.0  13554.0
      10      386.0    688.0    909.0    729.0    438.0    356.0    568.0    475.0    688.0    483.0    595.0    574.0    811.0    580.0    745.0    626.0    831.0    889.0    479.0    845.0    821.0
      20      415.0    601.0    755.0    944.0    349.0    457.0    526.0    658.0   1072.0    725.0    500.0   1122.0    582.0    621.0    569.0    436.0    721.0    434.0    279.0    373.0    393.0
      30      490.0    547.0    868.0    563.0    372.0    439.0    628.0    582.0    872.0    516.0    496.0    650.0    498.0    923.0    702.0    472.0    510.0    313.0    223.0    232.0    373.0
      40      435.0    660.0    916.0    826.0    222.0    393.0    729.0    655.0    887.0    580.0    660.0    454.0    632.0    738.0    734.0    514.0    414.0    370.0    187.0    366.0    370.0
      50      284.0    513.0    729.0    664.0    277.0    495.0    581.0    457.0    964.0    966.0    521.0    630.0    671.0    733.0    471.0    242.0    490.0    340.0    261.0    268.0    441.0
      60      286.0    952.0    579.0    586.0    254.0    404.0    324.0    404.0    672.0    953.0    781.0    541.0    627.0    832.0    505.0    432.0    278.0    237.0    105.0    265.0    106.0
      70      207.0    618.0    546.0    441.0    181.0    268.0    197.0    338.0    284.0    376.0    220.0    363.0    339.0    393.0    314.0    132.0    231.0    196.0    176.0    167.0    293.0
      80       82.0    182.0    293.0    540.0    129.0    179.0     94.0    110.0     95.0    185.0    103.0    112.0    127.0    153.0     90.0     33.0     91.0    148.0     67.0    124.0    138.0
      9-        0.0      0.0      0.0      0.0      0.0      0.0      0.0      1.0      5.0      0.0      0.0      0.0      0.0      0.0      0.0      0.0      0.0      0.0      0.0      0.0      0.0
      90        7.0     35.0     44.0     26.0      0.0      2.0      0.0     11.0      1.0     29.0     20.0     28.0     11.0      4.0      1.0     34.0      6.0     14.0      0.0      3.0      9.0
CC    -9     9823.0  15684.0  18648.0  15486.0  12339.0  14355.0  18841.0  17831.0  19438.0  15461.0  15445.0  20190.0  20896.0  22474.0  24571.0  16270.0  20323.0  18729.0  15974.0  15710.0  15461.0
      10      298.0    644.0    822.0    769.0    229.0    337.0    592.0    508.0   1227.0   1031.0    391.0    442.0    620.0    730.0    546.0    211.0    486.0    218.0    117.0    237.0    364.0
      20      482.0    705.0    847.0    700.0    231.0    305.0    526.0    493.0    715.0    677.0    344.0    316.0    367.0    464.0    347.0    155.0    274.0    117.0     68.0     99.0    280.0
      30      333.0    455.0    620.0    586.0    233.0    166.0    258.0    467.0    460.0    297.0    199.0    102.0    126.0    204.0    112.0     60.0     78.0     33.0     47.0     61.0    139.0
      40      162.0    224.0    450.0    393.0    143.0     79.0     97.0    266.0    230.0    239.0     91.0     44.0     72.0     62.0     77.0     40.0     76.0     18.0     32.0     30.0     87.0
      50       90.0     77.0    223.0    204.0     42.0     42.0     22.0    113.0     77.0    117.0     70.0     14.0     28.0     66.0     66.0     15.0     58.0      4.0     16.0     15.0     84.0
      60       20.0     38.0    156.0    120.0     46.0      7.0     10.0     29.0     18.0     36.0     47.0     15.0     11.0     18.0     25.0      0.0     19.0     16.0      4.0      8.0     49.0
      70       11.0     11.0     44.0      4.0      6.0      0.0     26.0     15.0      6.0      8.0      9.0      0.0      3.0      5.0     20.0      1.0      7.0      9.0     14.0      9.0     34.0
      80        2.0      0.0      2.0      4.0      0.0      0.0      3.0      0.0      0.0      0.0      0.0      0.0      0.0      0.0      0.0      0.0      0.0      1.0      0.0      0.0      0.0
      9-        0.0      0.0      0.0      0.0      0.0      0.0      0.0      1.0      5.0      0.0      0.0      0.0      0.0      0.0      0.0      0.0      0.0      0.0      0.0      0.0      0.0
CT    -9        0.0      4.0      1.0     36.0      2.0     17.0      0.0      0.0      0.0      7.0      0.0      0.0      0.0      0.0      0.0      0.0      0.0      0.0      0.0      0.0      0.0
      00      101.0    199.0    183.0    163.0    136.0    162.0    161.0    143.0    211.0    228.0    160.0    194.0    355.0    213.0    176.0    180.0    314.0    194.0    161.0    229.0    179.0
      01      577.0    748.0    808.0    883.0    795.0    885.0    729.0   1066.0   1071.0    843.0    698.0    787.0    870.0    730.0    580.0    418.0    654.0    700.0    513.0    414.0    350.0
      02       98.0    123.0    116.0     98.0     50.0     67.0    142.0    111.0    163.0    131.0    100.0    272.0     97.0    169.0    162.0     83.0    130.0    283.0    120.0    189.0     32.0
      10      138.0    185.0    231.0    101.0     64.0    104.0    179.0     40.0     58.0     69.0     84.0     63.0    104.0    213.0     91.0     96.0    188.0    232.0    197.0    155.0     75.0
      20      280.0    480.0    362.0    434.0    287.0    449.0    561.0    333.0    723.0    190.0    269.0    527.0   1331.0   1797.0   1299.0   1568.0   1153.0   1431.0   1339.0   1628.0    818.0
      30      282.0    411.0    460.0    593.0    324.0    543.0    374.0    409.0    537.0    755.0    771.0    577.0    474.0    542.0    307.0    384.0    398.0    222.0    266.0    257.0    285.0
      40      139.0    351.0    286.0    185.0    156.0    110.0    253.0    119.0    217.0    166.0    129.0    271.0    185.0    239.0    179.0    224.0    167.0    134.0     71.0     34.0     24.0
      50      365.0    607.0    513.0    516.0    326.0    668.0    547.0    671.0    789.0    565.0    862.0    821.0    752.0    872.0    669.0    740.0    590.0    528.0    618.0    576.0    533.0
      60      148.0    330.0    364.0    273.0    140.0    251.0    230.0    131.0    219.0    199.0    140.0    118.0    175.0    275.0    179.0     92.0     56.0     32.0     26.0     17.0      9.0
      70      222.0    525.0    385.0    576.0    254.0    201.0    401.0    312.0    251.0    471.0    424.0    577.0    568.0    715.0    547.0    303.0    681.0    607.0    402.0    645.0    666.0
      80      232.0    532.0    558.0    470.0    361.0    519.0    556.0    512.0    933.0    367.0    901.0    611.0    545.0    540.0    426.0    351.0    210.0    148.0     64.0     94.0     44.0
      90      527.0   1081.0   1134.0   1212.0    715.0    997.0    751.0   1053.0   1174.0    928.0   1064.0   1004.0    877.0   1193.0   1113.0    753.0   1192.0    699.0    629.0    787.0   1053.0
      91     1052.0   1525.0   2741.0   2168.0    715.0    757.0    871.0   1316.0   1927.0   2086.0    984.0   1401.0   1476.0   1781.0    995.0    726.0    667.0    771.0    252.0    339.0    330.0
      92     7060.0  10737.0  13670.0  10558.0   8944.0   9561.0  14620.0  13507.0  13903.0  10861.0  10010.0  13900.0  14314.0  14744.0  19041.0  10834.0  14921.0  13164.0  11614.0  10805.0  12100.0